Los valores de las raices son:
X1:2.694254176766073
X2:-1.3609208434327398